Leaky ReLU:
Fprop: [ 1.5   -0.036 -0.004 -0.014 -0.046 -0.015]
Bprop: [[ 5.    0.1  -0.1  -0.05  0.    0.1 ]]
ELU:
Fprop: [ 1.5        -0.97267628 -0.32967995 -0.75340304 -0.98994816 -0.77686984]
Bprop: [[ 5.          0.27323722 -6.70320046 -1.23298482  0.          2.2313016 ]]
SELU:
Fprop: [ 1.57605    -1.71009748 -0.5796223  -1.32458523 -1.74046381 -1.36584307]
Bprop: [[  5.2535       0.48038829 -11.78514012  -2.16775538   0.           3.92293236]]
